-1.000000	100.000000
-0.994800	0.392157
-0.989618	0.392157
-0.984436	0.392157
-0.979256	0.392157
-0.974088	0.392157
-0.968929	0.392157
-0.963782	0.392157
-0.958636	0.392157
-0.953504	0.392157
-0.948385	0.392157
-0.943271	0.392157
-0.938170	0.392157
-0.933071	0.392157
-0.927974	0.392157
-0.922888	0.392157
-0.917815	0.392157
-0.912753	0.392157
-0.907694	0.392157
-0.902643	0.392157
-0.897604	0.392157
-0.892580	0.392157
-0.887557	0.392157
-0.882549	0.392157
-0.877546	0.392157
-0.872555	0.392157
-0.867573	0.392157
-0.862595	0.392157
-0.857627	0.392157
-0.852670	0.392157
-0.847727	0.392157
-0.842785	0.392157
-0.837853	0.392157
-0.832929	0.392157
-0.828021	0.392157
-0.823123	0.392157
-0.818229	0.392157
-0.813347	0.392157
-0.808475	0.392157
-0.803612	0.392157
-0.798763	0.392157
-0.793916	0.392157
-0.789083	0.392157
-0.784258	0.392157
-0.779446	0.392157
-0.774637	0.392157
-0.769849	0.392157
-0.765069	0.392157
-0.760296	0.392157
-0.755537	0.392157
-0.750781	0.392157
-0.746039	0.392157
-0.741311	0.392157
-0.736595	0.392157
-0.731881	0.392157
-0.727178	0.392157
-0.722490	0.392157
-0.717814	0.392157
-0.713150	0.392157
-0.708489	0.392157
-0.703837	0.392157
-0.699199	0.392157
-0.694575	0.392157
-0.689971	0.392157
-0.685369	0.392157
-0.680779	0.392157
-0.676201	0.392157
-0.671634	0.392157
-0.667069	0.392157
-0.662517	0.392157
-0.657982	0.392157
-0.653461	0.392157
-0.648949	0.392157
-0.644441	0.392157
-0.639947	0.392157
-0.635468	0.392157
-0.631005	0.392157
-0.626544	0.392157
-0.622101	0.392157
-0.617669	0.392157
-0.613248	0.392157
-0.608842	0.392157
-0.604439	0.392157
-0.600044	0.392157
-0.595668	0.392157
-0.591308	0.392157
-0.586965	0.392157
-0.582624	0.392157
-0.578291	0.392157
-0.573973	0.392157
-0.569675	0.392157
-0.565378	0.392157
-0.561095	0.392157
-0.556823	0.392157
-0.552570	0.392157
-0.548329	0.392157
-0.544089	0.392157
-0.539865	0.392157
-0.535652	0.392157
-0.531459	0.392157
-0.527268	0.392157
-0.523092	0.392157
-0.518930	0.392157
-0.514777	0.392157
-0.510641	0.392157
-0.506509	0.392157
-0.502391	0.392157
-0.498287	0.392157
-0.494199	0.392157
-0.490122	0.392157
-0.486048	0.392157
-0.481992	0.392157
-0.477951	0.392157
-0.473921	0.392157
-0.469891	0.392157
-0.465878	0.392157
-0.461882	0.392157
-0.457897	0.392157
-0.453930	0.392157
-0.449963	0.392157
-0.446015	0.392157
-0.442080	0.392157
-0.438158	0.392157
-0.434238	0.392157
-0.430330	0.392157
-0.426446	0.392157
-0.422570	0.392157
-0.418712	0.392157
-0.414855	0.392157
-0.411011	0.392157
-0.407181	0.392157
-0.403366	0.392157
-0.399566	0.392157
-0.395767	0.392157
-0.391980	0.392157
-0.388210	0.392157
-0.384453	0.392157
-0.380697	0.392157
-0.376955	0.392157
-0.373231	0.392157
-0.369526	0.392157
-0.365825	0.392157
-0.362126	0.392157
-0.358446	0.392157
-0.354779	0.392157
-0.351128	0.392157
-0.347493	0.392157
-0.343859	0.392157
-0.340237	0.392157
-0.336627	0.392157
-0.333032	0.392157
-0.329438	0.392157
-0.325859	0.392157
-0.322293	0.392157
-0.318742	0.392157
-0.315200	0.392157
-0.311659	0.392157
-0.308133	0.392157
-0.304623	0.392157
-0.301128	0.392157
-0.297634	0.392157
-0.294153	0.392157
-0.290682	0.392157
-0.287221	0.392157
-0.283780	0.392157
-0.280339	0.392157
-0.276910	0.392157
-0.273494	0.392157
-0.270089	0.392157
-0.266698	0.392157
-0.263307	0.392157
-0.259928	0.392157
-0.256562	0.392157
-0.253205	0.392157
-0.249851	0.392157
-0.246510	0.392157
-0.243179	0.392157
-0.239861	0.392157
-0.236560	0.392157
-0.233258	0.392157
-0.229967	0.392157
-0.226682	0.392157
-0.223408	0.392157
-0.220135	0.392157
-0.216875	0.392157
-0.213625	0.392157
-0.210391	0.392157
-0.207164	0.392157
-0.203939	0.392157
-0.200726	0.392157
-0.197519	0.392157
-0.194328	0.392157
-0.191145	0.392157
-0.187963	0.392157
-0.184795	0.392157
-0.181631	0.392157
-0.178480	0.392157
-0.175329	0.392157
-0.172188	0.392157
-0.169055	0.392157
-0.165931	0.392157
-0.162815	0.392157
-0.159699	0.392157
-0.156591	0.392157
-0.153496	0.392157
-0.150407	0.392157
-0.147318	0.392157
-0.144239	0.392157
-0.141165	0.392157
-0.138103	0.392157
-0.135046	0.392157
-0.131989	0.392157
-0.128940	0.392157
-0.125899	0.392157
-0.122867	0.392157
-0.119841	0.392157
-0.116816	0.392157
-0.113798	0.392157
-0.110786	0.392157
-0.107777	0.392157
-0.104768	0.392157
-0.101769	0.392157
-0.098775	0.392157
-0.095785	0.392157
-0.092802	0.392157
-0.089818	0.392157
-0.086843	0.392157
-0.083872	0.392157
-0.080904	0.392157
-0.077937	0.392157
-0.074975	0.392157
-0.072016	0.392157
-0.069064	0.392157
-0.066115	0.392157
-0.063166	0.392157
-0.060221	0.392157
-0.057279	0.392157
-0.054341	0.392157
-0.051407	0.392157
-0.048472	0.392157
-0.045541	0.392157
-0.042612	0.392157
-0.039686	0.392157
-0.036760	0.392157
-0.033836	0.392157
-0.030914	0.392157
-0.027993	0.392157
-0.025075	0.392157
-0.022156	0.392157
-0.019239	0.392157
-0.016323	0.392157
-0.013408	0.392157
-0.010492	0.392157
-0.007578	0.392157
-0.004664	0.392157
-0.001750	0.392157
0.001164	0.392157
0.004078	0.392157
0.006991	0.392157
0.009906	0.392157
0.012821	0.392157
0.015737	0.392157
0.018653	0.392157
0.021570	0.392157
0.024489	0.392157
0.027409	0.392157
0.030330	0.392157
0.033252	0.392157
0.036176	0.392157
0.039102	0.392157
0.042031	0.392157
0.044960	0.392157
0.047891	0.392157
0.050826	0.392157
0.053764	0.392157
0.056702	0.392157
0.059644	0.392157
0.062589	0.392157
0.065538	0.392157
0.068491	0.392157
0.071444	0.392157
0.074402	0.392157
0.077364	0.392157
0.080332	0.392157
0.083303	0.392157
0.086274	0.392157
0.089249	0.392157
0.092233	0.392157
0.095222	0.392157
0.098212	0.392157
0.101207	0.392157
0.104205	0.392157
0.107215	0.392157
0.110227	0.392157
0.113239	0.392157
0.116258	0.392157
0.119282	0.392157
0.122315	0.392157
0.125348	0.392157
0.128389	0.392157
0.131438	0.392157
0.134494	0.392157
0.137557	0.392157
0.140621	0.392157
0.143694	0.392157
0.146774	0.392157
0.149862	0.392157
0.152957	0.392157
0.156054	0.392157
0.159161	0.392157
0.162277	0.392157
0.165402	0.392157
0.168527	0.392157
0.171660	0.392157
0.174801	0.392157
0.177952	0.392157
0.181116	0.392157
0.184280	0.392157
0.187448	0.392157
0.190631	0.392157
0.193820	0.392157
0.197012	0.392157
0.200219	0.392157
0.203432	0.392157
0.206658	0.392157
0.209892	0.392157
0.213126	0.392157
0.216376	0.392157
0.219637	0.392157
0.222910	0.392157
0.226195	0.392157
0.229481	0.392157
0.232773	0.392157
0.236074	0.392157
0.239392	0.392157
0.242709	0.392157
0.246041	0.392157
0.249382	0.392157
0.252737	0.392157
0.256103	0.392157
0.259470	0.392157
0.262849	0.392157
0.266240	0.392157
0.269645	0.392157
0.273050	0.392157
0.276467	0.392157
0.279898	0.392157
0.283338	0.392157
0.286798	0.392157
0.290259	0.392157
0.293730	0.392157
0.297211	0.392157
0.300705	0.392157
0.304214	0.392157
0.307725	0.392157
0.311252	0.392157
0.314793	0.392157
0.318342	0.392157
0.321894	0.392157
0.325460	0.392157
0.329040	0.392157
0.332634	0.392157
0.336243	0.392157
0.339853	0.392157
0.343475	0.392157
0.347109	0.392157
0.350758	0.392157
0.354408	0.392157
0.358075	0.392157
0.361756	0.392157
0.365456	0.392157
0.369160	0.392157
0.372865	0.392157
0.376589	0.392157
0.380332	0.392157
0.384088	0.392157
0.387856	0.392157
0.391626	0.392157
0.395413	0.392157
0.399213	0.392157
0.403028	0.392157
0.406843	0.392157
0.410673	0.392157
0.414517	0.392157
0.418375	0.392157
0.422249	0.392157
0.426125	0.392157
0.430009	0.392157
0.433917	0.392157
0.437838	0.392157
0.441772	0.392157
0.445707	0.392157
0.449655	0.392157
0.453621	0.392157
0.457605	0.392157
0.461591	0.392157
0.465587	0.392157
0.469600	0.392157
0.473629	0.392157
0.477670	0.392157
0.481712	0.392157
0.485769	0.392157
0.489843	0.392157
0.493930	0.392157
0.498020	0.392157
0.502125	0.392157
0.506243	0.392157
0.510375	0.392157
0.514525	0.392157
0.518678	0.392157
0.522841	0.392157
0.527019	0.392157
0.531209	0.392157
0.535419	0.392157
0.539631	0.392157
0.543855	0.392157
0.548095	0.392157
0.552347	0.392157
0.556600	0.392157
0.560872	0.392157
0.565156	0.392157
0.569452	0.392157
0.573767	0.392157
0.578084	0.392157
0.582419	0.392157
0.586759	0.392157
0.591117	0.392157
0.595478	0.392157
0.599854	0.392157
0.604249	0.392157
0.608652	0.392157
0.613072	0.392157
0.617495	0.392157
0.621926	0.392157
0.626370	0.392157
0.630830	0.392157
0.635307	0.392157
0.639786	0.392157
0.644280	0.392157
0.648789	0.392157
0.653309	0.392157
0.657831	0.392157
0.662365	0.392157
0.666918	0.392157
0.671482	0.392157
0.676058	0.392157
0.680635	0.392157
0.685226	0.392157
0.689828	0.392157
0.694449	0.392157
0.699073	0.392157
0.703711	0.392157
0.708363	0.392157
0.713026	0.392157
0.717700	0.392157
0.722375	0.392157
0.727063	0.392157
0.731766	0.392157
0.736480	0.392157
0.741206	0.392157
0.745934	0.392157
0.750676	0.392157
0.755432	0.392157
0.760202	0.392157
0.764975	0.392157
0.769755	0.392157
0.774543	0.392157
0.779352	0.392157
0.784176	0.392157
0.789001	0.392157
0.793835	0.392157
0.798682	0.392157
0.803542	0.392157
0.808405	0.392157
0.813277	0.392157
0.818159	0.392157
0.823053	0.392157
0.827959	0.392157
0.832867	0.392157
0.837791	0.392157
0.842723	0.392157
0.847665	0.392157
0.852620	0.392157
0.857577	0.392157
0.862545	0.392157
0.867524	0.392157
0.872514	0.392157
0.877505	0.392157
0.882508	0.392157
0.887515	0.392157
0.892538	0.392157
0.897575	0.392157
0.902614	0.392157
0.907665	0.392157
0.912724	0.392157
0.917794	0.392157
0.922867	0.392157
0.927952	0.392157
0.933050	0.392157
0.938148	0.392157
0.943261	0.392157
0.948375	0.392157
0.953494	0.392157
0.958626	0.392157
0.963771	0.392157
0.968928	0.392157
0.974088	0.392157
0.979255	0.392157
0.984435	0.392157
0.989618	0.392157
0.994800	0.392157
1.000000	100.000000
