-1.000000	100.000000
-0.994804	0.348175
-0.989615	0.347509
-0.984438	0.347509
-0.979265	0.348507
-0.974101	0.347907
-0.968946	0.350055
-0.963801	0.349904
-0.958658	0.350055
-0.953529	0.350721
-0.948410	0.350721
-0.943303	0.351658
-0.938207	0.350055
-0.933113	0.350721
-0.928032	0.352323
-0.922962	0.350992
-0.917900	0.353050
-0.912851	0.353655
-0.907807	0.353655
-0.902773	0.353375
-0.897748	0.354718
-0.892737	0.355713
-0.887729	0.355713
-0.882734	0.356049
-0.877747	0.355384
-0.872775	0.357036
-0.867816	0.358367
-0.862860	0.357380
-0.857913	0.357036
-0.852979	0.358646
-0.848054	0.359977
-0.843132	0.359977
-0.838225	0.360310
-0.833333	0.360310
-0.828451	0.361041
-0.823578	0.360704
-0.818709	0.362372
-0.813853	0.362307
-0.809011	0.362036
-0.804179	0.363700
-0.799362	0.363638
-0.794550	0.365031
-0.789750	0.365031
-0.784960	0.365356
-0.780186	0.365696
-0.775417	0.366300
-0.770658	0.366021
-0.765912	0.366966
-0.761181	0.368630
-0.756458	0.367352
-0.751740	0.368359
-0.747035	0.368630
-0.742345	0.370348
-0.737665	0.370348
-0.732989	0.369024
-0.728327	0.369682
-0.723680	0.371013
-0.719047	0.372019
-0.714426	0.371292
-0.709808	0.372623
-0.705204	0.372344
-0.700614	0.372685
-0.696034	0.373010
-0.691470	0.374016
-0.686911	0.374353
-0.682362	0.375684
-0.677827	0.375684
-0.673307	0.376013
-0.668790	0.375618
-0.664288	0.376671
-0.659799	0.377677
-0.655326	0.377677
-0.650864	0.376671
-0.646405	0.378946
-0.641960	0.377677
-0.637530	0.377677
-0.633110	0.378946
-0.628695	0.379998
-0.624297	0.379998
-0.619911	0.382274
-0.615541	0.378946
-0.611184	0.382274
-0.606832	0.381004
-0.602493	0.382007
-0.598164	0.382274
-0.593851	0.384325
-0.589550	0.385331
-0.585253	0.383273
-0.580969	0.384325
-0.576702	0.384325
-0.572448	0.385331
-0.568197	0.385331
-0.563960	0.385331
-0.559737	0.387599
-0.555530	0.388651
-0.551337	0.386600
-0.547148	0.388651
-0.542971	0.388651
-0.538809	0.387599
-0.534660	0.388651
-0.530516	0.389661
-0.526383	0.388651
-0.522266	0.388651
-0.518160	0.388651
-0.514069	0.388651
-0.509982	0.390927
-0.505911	0.388651
-0.501851	0.391979
-0.497810	0.391925
-0.493779	0.390927
-0.489753	0.392977
-0.485738	0.394255
-0.481737	0.392977
-0.477751	0.392977
-0.473768	0.394255
-0.469799	0.394255
-0.465845	0.395253
-0.461904	0.394255
-0.457977	0.394255
-0.454052	0.396305
-0.450141	0.395253
-0.446241	0.395253
-0.442358	0.395253
-0.438477	0.395253
-0.434610	0.397579
-0.430755	0.399579
-0.426914	0.397311
-0.423084	0.397579
-0.419256	0.397311
-0.415445	0.399579
-0.411649	0.397311
-0.407863	0.397311
-0.404092	0.399633
-0.400324	0.400631
-0.396568	0.401637
-0.392825	0.401637
-0.389094	0.400631
-0.385366	0.401641
-0.381653	0.402907
-0.377952	0.402907
-0.374260	0.402907
-0.370581	0.401641
-0.366905	0.402907
-0.363244	0.402907
-0.359596	0.402907
-0.355958	0.402907
-0.352334	0.404965
-0.348712	0.404965
-0.345101	0.403959
-0.341503	0.404965
-0.337919	0.404965
-0.334338	0.403959
-0.330769	0.404965
-0.327211	0.403906
-0.323665	0.403906
-0.320131	0.404965
-0.316599	0.404965
-0.313080	0.404965
-0.309570	0.406235
-0.306070	0.404965
-0.302574	0.404965
-0.299090	0.408285
-0.295615	0.407233
-0.292154	0.407233
-0.288705	0.407233
-0.285258	0.408285
-0.281822	0.406235
-0.278396	0.406235
-0.274979	0.409291
-0.271575	0.407233
-0.268174	0.407233
-0.264784	0.408285
-0.261403	0.409295
-0.258031	0.409291
-0.254661	0.409295
-0.251303	0.409291
-0.247953	0.409291
-0.244613	0.411559
-0.241285	0.411613
-0.237957	0.411613
-0.234640	0.411613
-0.231333	0.411613
-0.228036	0.411559
-0.224740	0.410561
-0.221454	0.410561
-0.218176	0.410561
-0.214906	0.410561
-0.211648	0.411613
-0.208391	0.411613
-0.205140	0.411613
-0.201898	0.411613
-0.198665	0.411560
-0.195440	0.414887
-0.192217	0.414887
-0.189003	0.414887
-0.185797	0.412612
-0.182600	0.412612
-0.179404	0.413622
-0.176218	0.413618
-0.173038	0.413622
-0.169864	0.413622
-0.166698	0.413618
-0.163533	0.413622
-0.160375	0.413889
-0.157225	0.414887
-0.154082	0.414887
-0.150940	0.415939
-0.147806	0.415886
-0.144677	0.415886
-0.141555	0.414887
-0.138440	0.414887
-0.135326	0.413618
-0.132218	0.414887
-0.129116	0.414887
-0.126018	0.415886
-0.122926	0.415886
-0.119835	0.414884
-0.116750	0.415886
-0.113672	0.415939
-0.110598	0.415886
-0.107526	0.415886
-0.104457	0.415886
-0.101394	0.415886
-0.098335	0.415886
-0.095281	0.416946
-0.092227	0.416946
-0.089178	0.416946
-0.086132	0.414887
-0.083091	0.414887
-0.080051	0.414887
-0.077013	0.414887
-0.073980	0.414887
-0.070951	0.415939
-0.067925	0.415940
-0.064898	0.415940
-0.061876	0.415939
-0.058856	0.415939
-0.055839	0.416946
-0.052825	0.416946
-0.049810	0.414884
-0.046799	0.416946
-0.043789	0.416946
-0.040781	0.418211
-0.037774	0.418211
-0.034768	0.415939
-0.031764	0.415886
-0.028761	0.415886
-0.025760	0.416946
-0.022759	0.416946
-0.019758	0.419214
-0.016759	0.418211
-0.013761	0.418211
-0.010763	0.418215
-0.007766	0.418211
-0.004768	0.415939
-0.001771	0.415886
0.001227	0.415886
0.004224	0.418211
0.007222	0.418211
0.010219	0.418211
0.013217	0.419214
0.016216	0.419214
0.019215	0.416946
0.022215	0.416946
0.025216	0.415939
0.028219	0.415939
0.031222	0.415939
0.034226	0.418215
0.037232	0.418211
0.040239	0.416946
0.043249	0.414887
0.046258	0.414887
0.049270	0.416946
0.052285	0.416946
0.055301	0.415939
0.058318	0.415940
0.061338	0.415939
0.064360	0.415939
0.067387	0.415939
0.070416	0.414887
0.073446	0.414884
0.076479	0.414887
0.079516	0.414884
0.082557	0.416946
0.085602	0.416946
0.088648	0.416946
0.091698	0.416946
0.094751	0.415939
0.097809	0.415886
0.100869	0.415939
0.103932	0.415940
0.107001	0.415939
0.110074	0.415939
0.113152	0.414887
0.116231	0.414887
0.119315	0.415940
0.122407	0.415939
0.125504	0.414887
0.128602	0.413618
0.131705	0.413618
0.134815	0.414887
0.137929	0.415939
0.141051	0.415939
0.144173	0.415886
0.147302	0.415939
0.150437	0.414887
0.153579	0.413618
0.156729	0.413622
0.159880	0.413622
0.163037	0.413622
0.166203	0.413618
0.169376	0.413622
0.172550	0.413618
0.175731	0.413618
0.178917	0.412566
0.182113	0.412566
0.185319	0.414884
0.188525	0.414887
0.191739	0.414887
0.194963	0.411613
0.198196	0.411613
0.201430	0.411613
0.204673	0.411613
0.207923	0.410561
0.211181	0.410561
0.214451	0.410561
0.217722	0.410561
0.221001	0.410561
0.224287	0.411613
0.227583	0.411613
0.230889	0.411613
0.234197	0.411613
0.237515	0.411613
0.240844	0.411613
0.244183	0.409291
0.247523	0.409291
0.250874	0.409291
0.254232	0.409291
0.257602	0.408240
0.260982	0.408293
0.264363	0.407233
0.267753	0.409291
0.271156	0.409291
0.274572	0.405964
0.277989	0.408293
0.281417	0.408293
0.284852	0.407233
0.288301	0.407233
0.291760	0.407233
0.295221	0.408293
0.298696	0.404965
0.302180	0.404965
0.305676	0.405964
0.309185	0.404965
0.312696	0.404965
0.316216	0.404961
0.319748	0.403959
0.323294	0.404965
0.326840	0.404965
0.330398	0.403959
0.333967	0.404965
0.337551	0.403959
0.341147	0.403959
0.344745	0.404965
0.348356	0.402903
0.351980	0.402903
0.355614	0.402903
0.359251	0.402903
0.362900	0.401637
0.366564	0.401637
0.370240	0.402903
0.373928	0.402903
0.377620	0.401637
0.381324	0.401641
0.385037	0.400639
0.388765	0.401637
0.392507	0.400639
0.396253	0.400639
0.400010	0.399641
0.403778	0.397311
0.407563	0.399641
0.411353	0.399637
0.415150	0.397311
0.418961	0.397311
0.422788	0.399640
0.426629	0.399637
0.430472	0.397311
0.434327	0.395303
0.438194	0.395303
0.442075	0.395303
0.445974	0.395253
0.449874	0.396313
0.453784	0.394037
0.457709	0.395303
0.461650	0.395306
0.465594	0.394037
0.469548	0.394037
0.473517	0.392985
0.477500	0.392985
0.481500	0.394037
0.485501	0.392985
0.489516	0.390659
0.493542	0.391665
0.497581	0.388658
0.501625	0.388658
0.505684	0.390659
0.509758	0.388659
0.513845	0.388658
0.517946	0.388659
0.522052	0.388659
0.526169	0.389657
0.530301	0.388658
0.534448	0.387656
0.538607	0.388658
0.542769	0.386387
0.546947	0.386387
0.551135	0.388658
0.555340	0.387656
0.559550	0.385331
0.563773	0.385331
0.568010	0.384275
0.572261	0.384279
0.576525	0.384279
0.580792	0.383269
0.585076	0.385327
0.589375	0.384279
0.593684	0.382003
0.597997	0.381004
0.602326	0.381004
0.606667	0.382003
0.611019	0.378683
0.615385	0.382003
0.619755	0.379949
0.624141	0.379949
0.628539	0.378683
0.632954	0.377680
0.637381	0.377677
0.641813	0.378683
0.646259	0.376671
0.650717	0.377677
0.655188	0.377680
0.659664	0.376671
0.664152	0.375351
0.668654	0.375955
0.673171	0.375680
0.677702	0.374616
0.682236	0.374616
0.686787	0.374008
0.691346	0.372689
0.695922	0.372677
0.700502	0.372348
0.705095	0.372413
0.709699	0.371082
0.714317	0.372019
0.718945	0.370967
0.723578	0.369636
0.728225	0.369016
0.732886	0.370080
0.737562	0.368370
0.742251	0.368366
0.746943	0.368359
0.751648	0.367092
0.756366	0.368366
0.761095	0.366962
0.765829	0.365976
0.770575	0.366037
0.775334	0.365696
0.780103	0.365352
0.784889	0.365031
0.789678	0.365031
0.794478	0.363375
0.799291	0.363700
0.804119	0.362035
0.808950	0.362097
0.813792	0.362368
0.818649	0.360704
0.823517	0.361305
0.828395	0.360368
0.833277	0.360368
0.838169	0.359760
0.843076	0.359760
0.847998	0.358379
0.852930	0.357044
0.857866	0.357377
0.862812	0.358050
0.867768	0.357044
0.872736	0.355701
0.877708	0.356099
0.882694	0.355713
0.887690	0.355713
0.892697	0.354982
0.897718	0.353062
0.902743	0.353383
0.907777	0.353383
0.912821	0.352783
0.917879	0.351042
0.922941	0.352105
0.928011	0.350721
0.933092	0.350051
0.938186	0.351666
0.943289	0.350721
0.948396	0.350721
0.953515	0.350051
0.958644	0.349900
0.963787	0.350051
0.968937	0.347911
0.974092	0.348561
0.979256	0.347242
0.984429	0.347242
0.989615	0.347911
0.994804	0.346905
1.000000	100.000000
