-1.000000	100.000000
-0.989602	0.787402
-0.979242	0.787402
-0.968908	0.787402
-0.958609	0.787402
-0.948343	0.787402
-0.938120	0.787402
-0.927924	0.787402
-0.917775	0.787402
-0.907668	0.787402
-0.897591	0.787402
-0.887558	0.787402
-0.877557	0.787402
-0.867602	0.787402
-0.857678	0.787402
-0.847798	0.787402
-0.837968	0.787402
-0.828169	0.787402
-0.818407	0.787402
-0.808678	0.787402
-0.799000	0.787402
-0.789358	0.787402
-0.779762	0.787402
-0.770219	0.787402
-0.760710	0.787402
-0.751253	0.787402
-0.741822	0.787402
-0.732443	0.787402
-0.723101	0.787402
-0.713818	0.787402
-0.704564	0.787402
-0.695367	0.787402
-0.686226	0.787402
-0.677104	0.787402
-0.668044	0.787402
-0.659021	0.787402
-0.650054	0.787402
-0.641125	0.787402
-0.632242	0.787402
-0.623418	0.787402
-0.614627	0.787402
-0.605898	0.787402
-0.597197	0.787402
-0.588552	0.787402
-0.579938	0.787402
-0.571390	0.787402
-0.562890	0.787402
-0.554425	0.787402
-0.546026	0.787402
-0.537652	0.787402
-0.529335	0.787402
-0.521057	0.787402
-0.512825	0.787402
-0.504656	0.787402
-0.496523	0.787402
-0.488443	0.787402
-0.480396	0.787402
-0.472413	0.787402
-0.464457	0.787402
-0.456555	0.787402
-0.448710	0.787402
-0.440892	0.787402
-0.433138	0.787402
-0.425412	0.787402
-0.417739	0.787402
-0.410099	0.787402
-0.402510	0.787402
-0.394973	0.787402
-0.387471	0.787402
-0.380022	0.787402
-0.372603	0.787402
-0.365228	0.787402
-0.357889	0.787402
-0.350598	0.787402
-0.343361	0.787402
-0.336149	0.787402
-0.328995	0.787402
-0.321864	0.787402
-0.314784	0.787402
-0.307730	0.787402
-0.300722	0.787402
-0.293740	0.787402
-0.286809	0.787402
-0.279923	0.787402
-0.273055	0.787402
-0.266236	0.787402
-0.259443	0.787402
-0.252690	0.787402
-0.245964	0.787402
-0.239270	0.787402
-0.232622	0.787402
-0.225996	0.787402
-0.219409	0.787402
-0.212842	0.787402
-0.206313	0.787402
-0.199799	0.787402
-0.193322	0.787402
-0.186879	0.787402
-0.180455	0.787402
-0.174069	0.787402
-0.167697	0.787402
-0.161353	0.787402
-0.155025	0.787402
-0.148728	0.787402
-0.142458	0.787402
-0.136200	0.787402
-0.129970	0.787402
-0.123753	0.787402
-0.117557	0.787402
-0.111375	0.787402
-0.105217	0.787402
-0.099077	0.787402
-0.092947	0.787402
-0.086834	0.787402
-0.080732	0.787402
-0.074644	0.787402
-0.068566	0.787402
-0.062499	0.787402
-0.056444	0.787402
-0.050398	0.787402
-0.044361	0.787402
-0.038329	0.787402
-0.032303	0.787402
-0.026281	0.787402
-0.020266	0.787402
-0.014254	0.787402
-0.008244	0.787402
-0.002235	0.787402
0.003774	0.787402
0.009782	0.787402
0.015791	0.787402
0.021803	0.787402
0.027817	0.787402
0.033837	0.787402
0.039862	0.787402
0.045892	0.787402
0.051929	0.787402
0.057972	0.787402
0.064027	0.787402
0.070086	0.787402
0.076159	0.787402
0.082247	0.787402
0.088344	0.787402
0.094458	0.787402
0.100580	0.787402
0.106720	0.787402
0.112871	0.787402
0.119043	0.787402
0.125239	0.787402
0.131449	0.787402
0.137678	0.787402
0.143922	0.787402
0.150192	0.787402
0.156477	0.787402
0.162793	0.787402
0.169138	0.787402
0.175499	0.787402
0.181885	0.787402
0.188293	0.787402
0.194735	0.787402
0.201198	0.787402
0.207698	0.787402
0.214227	0.787402
0.220781	0.787402
0.227368	0.787402
0.233978	0.787402
0.240627	0.787402
0.247301	0.787402
0.254016	0.787402
0.260769	0.787402
0.267545	0.787402
0.274365	0.787402
0.281210	0.787402
0.288097	0.787402
0.295011	0.787402
0.301976	0.787402
0.308984	0.787402
0.316021	0.787402
0.323101	0.787402
0.330208	0.787402
0.337362	0.787402
0.344546	0.787402
0.351783	0.787402
0.359049	0.787402
0.366363	0.787402
0.373731	0.787402
0.381131	0.787402
0.388573	0.787402
0.396054	0.787402
0.403585	0.787402
0.411145	0.787402
0.418756	0.787402
0.426429	0.787402
0.434128	0.787402
0.441882	0.787402
0.449669	0.787402
0.457508	0.787402
0.465384	0.787402
0.473311	0.787402
0.481294	0.787402
0.489320	0.787402
0.497391	0.787402
0.505495	0.787402
0.513658	0.787402
0.521858	0.787402
0.530116	0.787402
0.538423	0.787402
0.546768	0.787402
0.555167	0.787402
0.563602	0.787402
0.572095	0.787402
0.580627	0.787402
0.589218	0.787402
0.597856	0.787402
0.606532	0.787402
0.615260	0.787402
0.624022	0.787402
0.632838	0.787402
0.641697	0.787402
0.650610	0.787402
0.659577	0.787402
0.668572	0.787402
0.677624	0.787402
0.686712	0.787402
0.695852	0.787402
0.705034	0.787402
0.714261	0.787402
0.723536	0.787402
0.732848	0.787402
0.742218	0.787402
0.751618	0.787402
0.761074	0.787402
0.770554	0.787402
0.780088	0.787402
0.789653	0.787402
0.799269	0.787402
0.808940	0.787402
0.818641	0.787402
0.828393	0.787402
0.838171	0.787402
0.848001	0.787402
0.857867	0.787402
0.867771	0.787402
0.877716	0.787402
0.887701	0.787402
0.897726	0.787402
0.907785	0.787402
0.917884	0.787402
0.928018	0.787402
0.938189	0.787402
0.948404	0.787402
0.958651	0.787402
0.968943	0.787402
0.979260	0.787402
0.989614	0.787402
1.000000	100.000000
