-1.000000	100.000000
-0.994804	0.392157
-0.989615	0.392157
-0.984438	0.392157
-0.979265	0.392157
-0.974101	0.392157
-0.968947	0.392157
-0.963801	0.392157
-0.958659	0.392157
-0.953529	0.392157
-0.948410	0.392157
-0.943304	0.392157
-0.938207	0.392157
-0.933113	0.392157
-0.928032	0.392157
-0.922963	0.392157
-0.917901	0.392157
-0.912852	0.392157
-0.907807	0.392157
-0.902774	0.392157
-0.897749	0.392157
-0.892738	0.392157
-0.887730	0.392157
-0.882735	0.392157
-0.877748	0.392157
-0.872777	0.392157
-0.867817	0.392157
-0.862861	0.392157
-0.857915	0.392157
-0.852981	0.392157
-0.848055	0.392157
-0.843133	0.392157
-0.838226	0.392157
-0.833334	0.392157
-0.828453	0.392157
-0.823580	0.392157
-0.818711	0.392157
-0.813854	0.392157
-0.809012	0.392157
-0.804181	0.392157
-0.799364	0.392157
-0.794551	0.392157
-0.789751	0.392157
-0.784962	0.392157
-0.780188	0.392157
-0.775418	0.392157
-0.770660	0.392157
-0.765914	0.392157
-0.761182	0.392157
-0.756460	0.392157
-0.751742	0.392157
-0.747037	0.392157
-0.742347	0.392157
-0.737666	0.392157
-0.732991	0.392157
-0.728329	0.392157
-0.723682	0.392157
-0.719049	0.392157
-0.714428	0.392157
-0.709810	0.392157
-0.705206	0.392157
-0.700616	0.392157
-0.696036	0.392157
-0.691472	0.392157
-0.686913	0.392157
-0.682364	0.392157
-0.677829	0.392157
-0.673309	0.392157
-0.668792	0.392157
-0.664290	0.392157
-0.659802	0.392157
-0.655328	0.392157
-0.650866	0.392157
-0.646408	0.392157
-0.641962	0.392157
-0.637532	0.392157
-0.633113	0.392157
-0.628698	0.392157
-0.624300	0.392157
-0.619913	0.392157
-0.615544	0.392157
-0.611187	0.392157
-0.606834	0.392157
-0.602495	0.392157
-0.598166	0.392157
-0.593853	0.392157
-0.589552	0.392157
-0.585255	0.392157
-0.580971	0.392157
-0.576705	0.392157
-0.572450	0.392157
-0.568199	0.392157
-0.563962	0.392157
-0.559739	0.392157
-0.555532	0.392157
-0.551339	0.392157
-0.547151	0.392157
-0.542974	0.392157
-0.538811	0.392157
-0.534662	0.392157
-0.530518	0.392157
-0.526386	0.392157
-0.522268	0.392157
-0.518162	0.392157
-0.514072	0.392157
-0.509984	0.392157
-0.505913	0.392157
-0.501853	0.392157
-0.497812	0.392157
-0.493781	0.392157
-0.489755	0.392157
-0.485741	0.392157
-0.481739	0.392157
-0.477753	0.392157
-0.473770	0.392157
-0.469801	0.392157
-0.465847	0.392157
-0.461906	0.392157
-0.457979	0.392157
-0.454054	0.392157
-0.450143	0.392157
-0.446243	0.392157
-0.442360	0.392157
-0.438479	0.392157
-0.434612	0.392157
-0.430757	0.392157
-0.426916	0.392157
-0.423086	0.392157
-0.419258	0.392157
-0.415447	0.392157
-0.411651	0.392157
-0.407865	0.392157
-0.404094	0.392157
-0.400326	0.392157
-0.396569	0.392157
-0.392827	0.392157
-0.389095	0.392157
-0.385368	0.392157
-0.381655	0.392157
-0.377954	0.392157
-0.374262	0.392157
-0.370583	0.392157
-0.366907	0.392157
-0.363246	0.392157
-0.359597	0.392157
-0.355960	0.392157
-0.352336	0.392157
-0.348713	0.392157
-0.345103	0.392157
-0.341505	0.392157
-0.337921	0.392157
-0.334339	0.392157
-0.330770	0.392157
-0.327213	0.392157
-0.323667	0.392157
-0.320132	0.392157
-0.316600	0.392157
-0.313081	0.392157
-0.309571	0.392157
-0.306072	0.392157
-0.302576	0.392157
-0.299091	0.392157
-0.295616	0.392157
-0.292156	0.392157
-0.288707	0.392157
-0.285259	0.392157
-0.281824	0.392157
-0.278397	0.392157
-0.274981	0.392157
-0.271576	0.392157
-0.268175	0.392157
-0.264785	0.392157
-0.261404	0.392157
-0.258032	0.392157
-0.254662	0.392157
-0.251304	0.392157
-0.247954	0.392157
-0.244614	0.392157
-0.241286	0.392157
-0.237959	0.392157
-0.234641	0.392157
-0.231334	0.392157
-0.228037	0.392157
-0.224741	0.392157
-0.221455	0.392157
-0.218177	0.392157
-0.214907	0.392157
-0.211649	0.392157
-0.208392	0.392157
-0.205141	0.392157
-0.201899	0.392157
-0.198666	0.392157
-0.195441	0.392157
-0.192218	0.392157
-0.189004	0.392157
-0.185798	0.392157
-0.182601	0.392157
-0.179405	0.392157
-0.176218	0.392157
-0.173038	0.392157
-0.169865	0.392157
-0.166699	0.392157
-0.163533	0.392157
-0.160376	0.392157
-0.157226	0.392157
-0.154083	0.392157
-0.150941	0.392157
-0.147807	0.392157
-0.144678	0.392157
-0.141556	0.392157
-0.138441	0.392157
-0.135327	0.392157
-0.132219	0.392157
-0.129116	0.392157
-0.126018	0.392157
-0.122927	0.392157
-0.119835	0.392157
-0.116751	0.392157
-0.113672	0.392157
-0.110599	0.392157
-0.107526	0.392157
-0.104457	0.392157
-0.101394	0.392157
-0.098336	0.392157
-0.095281	0.392157
-0.092228	0.392157
-0.089178	0.392157
-0.086133	0.392157
-0.083092	0.392157
-0.080051	0.392157
-0.077014	0.392157
-0.073981	0.392157
-0.070951	0.392157
-0.067925	0.392157
-0.064898	0.392157
-0.061876	0.392157
-0.058856	0.392157
-0.055840	0.392157
-0.052825	0.392157
-0.049810	0.392157
-0.046799	0.392157
-0.043789	0.392157
-0.040781	0.392157
-0.037774	0.392157
-0.034768	0.392157
-0.031764	0.392157
-0.028761	0.392157
-0.025760	0.392157
-0.022759	0.392157
-0.019758	0.392157
-0.016760	0.392157
-0.013761	0.392157
-0.010763	0.392157
-0.007766	0.392157
-0.004768	0.392157
-0.001771	0.392157
0.001227	0.392157
0.004224	0.392157
0.007222	0.392157
0.010219	0.392157
0.013218	0.392157
0.016216	0.392157
0.019215	0.392157
0.022216	0.392157
0.025217	0.392157
0.028219	0.392157
0.031222	0.392157
0.034226	0.392157
0.037232	0.392157
0.040240	0.392157
0.043249	0.392157
0.046259	0.392157
0.049270	0.392157
0.052285	0.392157
0.055301	0.392157
0.058318	0.392157
0.061339	0.392157
0.064361	0.392157
0.067387	0.392157
0.070416	0.392157
0.073446	0.392157
0.076479	0.392157
0.079517	0.392157
0.082557	0.392157
0.085603	0.392157
0.088648	0.392157
0.091698	0.392157
0.094752	0.392157
0.097810	0.392157
0.100869	0.392157
0.103932	0.392157
0.107001	0.392157
0.110074	0.392157
0.113152	0.392157
0.116232	0.392157
0.119316	0.392157
0.122407	0.392157
0.125505	0.392157
0.128603	0.392157
0.131706	0.392157
0.134815	0.392157
0.137929	0.392157
0.141052	0.392157
0.144174	0.392157
0.147303	0.392157
0.150438	0.392157
0.153580	0.392157
0.156730	0.392157
0.159881	0.392157
0.163038	0.392157
0.166204	0.392157
0.169377	0.392157
0.172551	0.392157
0.175731	0.392157
0.178918	0.392157
0.182114	0.392157
0.185319	0.392157
0.188525	0.392157
0.191740	0.392157
0.194964	0.392157
0.198197	0.392157
0.201431	0.392157
0.204674	0.392157
0.207924	0.392157
0.211182	0.392157
0.214452	0.392157
0.217723	0.392157
0.221002	0.392157
0.224288	0.392157
0.227584	0.392157
0.230891	0.392157
0.234199	0.392157
0.237517	0.392157
0.240845	0.392157
0.244184	0.392157
0.247524	0.392157
0.250875	0.392157
0.254233	0.392157
0.257604	0.392157
0.260984	0.392157
0.264364	0.392157
0.267754	0.392157
0.271157	0.392157
0.274573	0.392157
0.277990	0.392157
0.281418	0.392157
0.284854	0.392157
0.288303	0.392157
0.291761	0.392157
0.295222	0.392157
0.298697	0.392157
0.302182	0.392157
0.305678	0.392157
0.309186	0.392157
0.312698	0.392157
0.316218	0.392157
0.319750	0.392157
0.323295	0.392157
0.326842	0.392157
0.330400	0.392157
0.333969	0.392157
0.337553	0.392157
0.341149	0.392157
0.344747	0.392157
0.348357	0.392157
0.351982	0.392157
0.355616	0.392157
0.359253	0.392157
0.362901	0.392157
0.366566	0.392157
0.370242	0.392157
0.373930	0.392157
0.377621	0.392157
0.381326	0.392157
0.385039	0.392157
0.388767	0.392157
0.392509	0.392157
0.396255	0.392157
0.400012	0.392157
0.403779	0.392157
0.407565	0.392157
0.411355	0.392157
0.415151	0.392157
0.418963	0.392157
0.422790	0.392157
0.426631	0.392157
0.430474	0.392157
0.434329	0.392157
0.438196	0.392157
0.442077	0.392157
0.445976	0.392157
0.449876	0.392157
0.453786	0.392157
0.457711	0.392157
0.461653	0.392157
0.465596	0.392157
0.469550	0.392157
0.473519	0.392157
0.477502	0.392157
0.481502	0.392157
0.485504	0.392157
0.489518	0.392157
0.493544	0.392157
0.497583	0.392157
0.501627	0.392157
0.505686	0.392157
0.509760	0.392157
0.513847	0.392157
0.517948	0.392157
0.522054	0.392157
0.526171	0.392157
0.530303	0.392157
0.534450	0.392157
0.538609	0.392157
0.542772	0.392157
0.546949	0.392157
0.551137	0.392157
0.555343	0.392157
0.559552	0.392157
0.563775	0.392157
0.568012	0.392157
0.572264	0.392157
0.576527	0.392157
0.580794	0.392157
0.585078	0.392157
0.589377	0.392157
0.593686	0.392157
0.598000	0.392157
0.602328	0.392157
0.606669	0.392157
0.611021	0.392157
0.615387	0.392157
0.619757	0.392157
0.624143	0.392157
0.628541	0.392157
0.632956	0.392157
0.637383	0.392157
0.641815	0.392157
0.646261	0.392157
0.650719	0.392157
0.655190	0.392157
0.659666	0.392157
0.664154	0.392157
0.668656	0.392157
0.673173	0.392157
0.677704	0.392157
0.682238	0.392157
0.686789	0.392157
0.691348	0.392157
0.695924	0.392157
0.700504	0.392157
0.705097	0.392157
0.709701	0.392157
0.714319	0.392157
0.718947	0.392157
0.723580	0.392157
0.728227	0.392157
0.732888	0.392157
0.737564	0.392157
0.742253	0.392157
0.746944	0.392157
0.751650	0.392157
0.756368	0.392157
0.761097	0.392157
0.765831	0.392157
0.770577	0.392157
0.775336	0.392157
0.780105	0.392157
0.784890	0.392157
0.789680	0.392157
0.794480	0.392157
0.799293	0.392157
0.804120	0.392157
0.808951	0.392157
0.813793	0.392157
0.818650	0.392157
0.823519	0.392157
0.828397	0.392157
0.833278	0.392157
0.838170	0.392157
0.843077	0.392157
0.847999	0.392157
0.852931	0.392157
0.857867	0.392157
0.862813	0.392157
0.867770	0.392157
0.872737	0.392157
0.877709	0.392157
0.882695	0.392157
0.887691	0.392157
0.892698	0.392157
0.897719	0.392157
0.902744	0.392157
0.907777	0.392157
0.912822	0.392157
0.917880	0.392157
0.922942	0.392157
0.928011	0.392157
0.933092	0.392157
0.938186	0.392157
0.943290	0.392157
0.948396	0.392157
0.953515	0.392157
0.958645	0.392157
0.963787	0.392157
0.968938	0.392157
0.974093	0.392157
0.979256	0.392157
0.984429	0.392157
0.989615	0.392157
0.994804	0.392157
1.000000	100.000000
