-1.000000	100.000000
-0.994791	0.000000
-0.989608	0.000000
-0.984432	0.000000
-0.979256	0.000000
-0.974090	0.000000
-0.968934	0.000000
-0.963791	0.000000
-0.958649	0.000000
-0.953502	0.000000
-0.948377	0.000000
-0.943259	0.000000
-0.938148	0.000000
-0.933037	0.000000
-0.927942	0.000000
-0.922856	0.000000
-0.917777	0.000000
-0.912711	0.000000
-0.907647	0.000000
-0.902594	0.000000
-0.897545	0.000000
-0.892507	0.000000
-0.887471	0.000000
-0.882449	0.000000
-0.877438	0.000000
-0.872433	0.000000
-0.867442	0.000000
-0.862451	0.000000
-0.857470	0.000000
-0.852496	0.000000
-0.847538	0.000000
-0.842583	0.000000
-0.837630	0.000000
-0.832704	0.000000
-0.827777	0.000000
-0.822863	0.000000
-0.817950	0.000000
-0.813049	0.000000
-0.808155	0.000000
-0.803282	0.000000
-0.798409	0.000000
-0.793537	0.000000
-0.788687	0.000000
-0.783850	0.000000
-0.779026	0.000000
-0.774203	0.000000
-0.769385	0.000000
-0.764578	0.000000
-0.759786	0.000000
-0.755002	0.000000
-0.750218	0.000000
-0.745456	0.000000
-0.740698	0.000000
-0.735957	0.000000
-0.731216	0.000000
-0.726487	0.528649
-0.721779	0.000000
-0.717083	0.000000
-0.712397	0.000000
-0.707712	0.000000
-0.703031	0.000000
-0.698373	0.000000
-0.693729	0.000000
-0.689092	0.000000
-0.684457	0.000000
-0.679839	0.000000
-0.675235	0.000000
-0.670636	0.531678
-0.666040	0.506837
-0.661460	0.532463
-0.656893	0.508706
-0.652340	0.534318
-0.647811	0.507653
-0.643283	0.507046
-0.638755	0.000000
-0.634244	0.529773
-0.629751	0.000000
-0.625259	0.508420
-0.620773	0.508420
-0.616303	0.508346
-0.611854	0.530681
-0.607420	0.535847
-0.602988	0.509212
-0.598563	0.509212
-0.594163	0.508502
-0.589772	0.509212
-0.585391	0.508420
-0.581011	0.535204
-0.576651	0.532043
-0.572306	0.532382
-0.567976	0.532382
-0.563646	0.532043
-0.559339	0.510710
-0.555030	0.532043
-0.550743	0.532043
-0.546475	0.533511
-0.542210	0.532086
-0.537963	0.532086
-0.533715	0.535375
-0.529486	0.535375
-0.525258	0.535411
-0.521048	0.507331
-0.516849	0.535375
-0.512667	0.535375
-0.508506	0.533950
-0.504347	0.533511
-0.500193	0.531821
-0.496058	0.533987
-0.491937	0.535375
-0.487839	0.535375
-0.483742	0.505768
-0.479660	0.533554
-0.475600	0.535411
-0.471540	0.535447
-0.467481	0.535411
-0.463439	0.535411
-0.459423	0.529292
-0.455428	0.535447
-0.451437	0.508257
-0.447446	0.535411
-0.443477	0.507331
-0.439523	0.529292
-0.435578	0.531837
-0.431634	0.531821
-0.427710	0.531837
-0.423787	0.530270
-0.419884	0.533511
-0.416009	0.530270
-0.412135	0.535515
-0.408272	0.535491
-0.404424	0.545452
-0.400591	0.529715
-0.396776	0.535447
-0.392962	0.507331
-0.389165	0.509784
-0.385376	0.532347
-0.381600	0.545452
-0.377824	0.545489
-0.374072	0.545505
-0.370335	0.531821
-0.366610	0.525399
-0.362904	0.525399
-0.359199	0.531266
-0.355518	0.546626
-0.351845	0.546521
-0.348182	0.546521
-0.344541	0.531821
-0.340901	0.532902
-0.337265	0.546573
-0.333641	0.546573
-0.330035	0.509784
-0.326431	0.526497
-0.322842	0.526497
-0.319270	0.532902
-0.315718	0.528081
-0.312167	0.528275
-0.308615	0.528275
-0.305086	0.531821
-0.301582	0.528275
-0.298078	0.528275
-0.294575	0.528081
-0.291091	0.548266
-0.287629	0.548218
-0.284174	0.528275
-0.280733	0.548214
-0.277292	0.548174
-0.273870	0.548174
-0.270458	0.543146
-0.267062	0.548068
-0.263685	0.548120
-0.260308	0.528275
-0.256936	0.526653
-0.253577	0.526629
-0.250228	0.548214
-0.246879	0.549795
-0.243550	0.549597
-0.240236	0.548266
-0.236937	0.548068
-0.233643	0.548253
-0.230351	0.548015
-0.227071	0.546493
-0.223807	0.546745
-0.220558	0.528402
-0.217309	0.529703
-0.214063	0.529703
-0.210834	0.544908
-0.207615	0.544886
-0.204412	0.547205
-0.201210	0.530876
-0.198021	0.530876
-0.194838	0.530003
-0.191665	0.528248
-0.188504	0.528252
-0.185343	0.546507
-0.182200	0.546373
-0.179062	0.546381
-0.175936	0.530003
-0.172811	0.530003
-0.169692	0.547556
-0.166586	0.545073
-0.163492	0.545068
-0.160406	0.528398
-0.157321	0.546342
-0.154244	0.546320
-0.151176	0.547347
-0.148123	0.547340
-0.145070	0.533335
-0.142023	0.530938
-0.138988	0.530938
-0.135959	0.545121
-0.132937	0.545114
-0.129916	0.529895
-0.126904	0.547221
-0.123902	0.547205
-0.120904	0.546661
-0.117919	0.546662
-0.114934	0.528300
-0.111951	0.530761
-0.108978	0.530834
-0.106014	0.532616
-0.103050	0.532616
-0.100093	0.546595
-0.097143	0.547377
-0.094199	0.547360
-0.091259	0.547434
-0.088320	0.547340
-0.085389	0.530761
-0.082463	0.547103
-0.079543	0.546555
-0.076624	0.549727
-0.073706	0.549723
-0.070793	0.533740
-0.067887	0.533740
-0.064987	0.549848
-0.062086	0.546434
-0.059192	0.546434
-0.056302	0.546675
-0.053412	0.546691
-0.050529	0.544990
-0.047645	0.544987
-0.044765	0.547417
-0.041885	0.547393
-0.039010	0.547397
-0.036135	0.537043
-0.033259	0.536488
-0.030388	0.537253
-0.027519	0.537755
-0.024651	0.529911
-0.021783	0.546548
-0.018918	0.546555
-0.016053	0.546754
-0.013189	0.546754
-0.010326	0.546645
-0.007463	0.549913
-0.004601	0.549897
-0.001739	0.549899
0.001122	0.549321
0.003984	0.546555
0.006846	0.546548
0.009709	0.546723
0.012572	0.546548
0.015437	0.546548
0.018302	0.532616
0.021168	0.532616
0.024036	0.537200
0.026905	0.537945
0.029775	0.537190
0.032646	0.547421
0.035521	0.547427
0.038396	0.547450
0.041276	0.547466
0.044156	0.544993
0.047037	0.544990
0.049920	0.546719
0.052811	0.546434
0.055701	0.546434
0.058590	0.549848
0.061485	0.549905
0.064386	0.533740
0.067292	0.530955
0.070197	0.549727
0.073110	0.546572
0.076028	0.546572
0.078947	0.533482
0.081873	0.533555
0.084799	0.547427
0.087730	0.547444
0.090670	0.547340
0.093613	0.546612
0.096557	0.546595
0.099507	0.532616
0.102464	0.532616
0.105428	0.533498
0.108401	0.531043
0.111375	0.531045
0.114358	0.546661
0.117343	0.546651
0.120341	0.547313
0.123339	0.529895
0.126341	0.532640
0.129353	0.545146
0.132375	0.545124
0.135404	0.533724
0.138434	0.530678
0.141470	0.530673
0.144516	0.547397
0.147569	0.546342
0.150636	0.546355
0.153704	0.528289
0.156780	0.531030
0.159866	0.545076
0.162960	0.547523
0.166054	0.547586
0.169159	0.529911
0.172279	0.529888
0.175404	0.546394
0.178542	0.546705
0.181680	0.546137
0.184823	0.530875
0.187984	0.532616
0.191157	0.532640
0.194329	0.533546
0.197513	0.547239
0.200702	0.547255
0.203904	0.544922
0.207123	0.544876
0.210343	0.532316
0.213572	0.531045
0.216818	0.531011
0.220068	0.546705
0.223331	0.547647
0.226595	0.548187
0.229874	0.547688
0.233167	0.548172
0.236467	0.547643
0.239766	0.549809
0.243080	0.548210
0.246409	0.548210
0.249758	0.529266
0.253116	0.530885
0.256474	0.528300
0.259846	0.523177
0.263223	0.540333
0.266619	0.540333
0.270016	0.548159
0.273428	0.523116
0.276850	0.548224
0.280292	0.528126
0.283746	0.523134
0.287201	0.548206
0.290664	0.527897
0.294148	0.528845
0.297651	0.531472
0.301155	0.531488
0.304659	0.528352
0.308188	0.528536
0.311740	0.527921
0.315292	0.532494
0.318845	0.526580
0.322416	0.526329
0.326006	0.509716
0.329610	0.521423
0.333233	0.533042
0.336857	0.533101
0.340495	0.531510
0.344135	0.546534
0.347797	0.546573
0.351460	0.546573
0.355134	0.531477
0.358815	0.525896
0.362520	0.531553
0.366245	0.531419
0.369972	0.545521
0.373709	0.545470
0.377461	0.545485
0.381237	0.533069
0.385025	0.509938
0.388813	0.507496
0.392611	0.529902
0.396425	0.530469
0.400258	0.545473
0.404091	0.507274
0.407939	0.530445
0.411802	0.530469
0.415676	0.533576
0.419580	0.529858
0.423483	0.531456
0.427406	0.531430
0.431330	0.531472
0.435274	0.528257
0.439228	0.507477
0.443183	0.508292
0.447152	0.508399
0.451142	0.507417
0.455138	0.528931
0.459133	0.507360
0.463149	0.507271
0.467191	0.506950
0.471250	0.507223
0.475310	0.533019
0.479371	0.505841
0.483453	0.506654
0.487550	0.505727
0.491670	0.505939
0.495791	0.531453
0.499925	0.533594
0.504080	0.505977
0.508239	0.507455
0.512421	0.507463
0.516603	0.506704
0.520802	0.507182
0.525012	0.507399
0.529240	0.507377
0.533486	0.532432
0.537734	0.533612
0.541981	0.533608
0.546247	0.532156
0.550532	0.532159
0.554818	0.510776
0.559127	0.532269
0.563434	0.504986
0.567764	0.532391
0.572106	0.532177
0.576450	0.508252
0.580811	0.508394
0.585191	0.509256
0.589581	0.508436
0.593972	0.506527
0.598372	0.509039
0.602796	0.530681
0.607229	0.530743
0.611676	0.508425
0.616125	0.507877
0.620594	0.508252
0.625081	0.000000
0.629574	0.529695
0.634082	0.000000
0.638593	0.506997
0.643122	0.507845
0.647650	0.510721
0.652202	0.510704
0.656755	0.535388
0.661322	0.506985
0.665902	0.530485
0.670498	0.000000
0.675102	0.000000
0.679707	0.000000
0.684325	0.000000
0.688960	0.000000
0.693602	0.000000
0.698246	0.000000
0.702904	0.000000
0.707585	0.000000
0.712271	0.000000
0.716965	0.000000
0.721661	0.528832
0.726369	0.000000
0.731098	0.000000
0.735839	0.000000
0.740596	0.000000
0.745354	0.000000
0.750117	0.000000
0.754901	0.000000
0.759692	0.000000
0.764484	0.000000
0.769291	0.000000
0.774108	0.000000
0.778931	0.000000
0.783767	0.000000
0.788604	0.000000
0.793454	0.000000
0.798326	0.000000
0.803197	0.000000
0.808069	0.000000
0.812964	0.000000
0.817865	0.000000
0.822778	0.000000
0.827704	0.000000
0.832630	0.000000
0.837557	0.000000
0.842510	0.000000
0.847465	0.000000
0.852438	0.000000
0.857413	0.000000
0.862394	0.000000
0.867385	0.000000
0.872387	0.000000
0.877391	0.000000
0.882402	0.000000
0.887424	0.000000
0.892461	0.000000
0.897509	0.000000
0.902559	0.000000
0.907611	0.000000
0.912676	0.000000
0.917753	0.000000
0.922833	0.000000
0.927918	0.000000
0.933014	0.000000
0.938125	0.000000
0.943241	0.000000
0.948358	0.000000
0.953483	0.000000
0.958630	0.000000
0.963772	0.000000
0.968928	0.000000
0.974084	0.000000
0.979250	0.000000
0.984425	0.000000
0.989608	0.000000
0.994791	0.000000
1.000000	100.000000
