-1.000000	100.000000
-0.996086	0.392157
-0.992172	0.392157
-0.988258	0.392157
-0.984344	0.392157
-0.980431	0.392157
-0.976517	0.392157
-0.972603	0.392157
-0.968689	0.392157
-0.964775	0.392157
-0.960861	0.392157
-0.956947	0.392157
-0.953033	0.392157
-0.949119	0.392157
-0.945205	0.392157
-0.941292	0.392157
-0.937378	0.392157
-0.933464	0.392157
-0.929550	0.392157
-0.925636	0.392157
-0.921722	0.392157
-0.917808	0.392157
-0.913894	0.392157
-0.909980	0.392157
-0.906067	0.392157
-0.902153	0.392157
-0.898239	0.392157
-0.894325	0.392157
-0.890411	0.392157
-0.886497	0.392157
-0.882583	0.392157
-0.878669	0.392157
-0.874755	0.392157
-0.870841	0.392157
-0.866928	0.392157
-0.863014	0.392157
-0.859100	0.392157
-0.855186	0.392157
-0.851272	0.392157
-0.847358	0.392157
-0.843444	0.392157
-0.839530	0.392157
-0.835616	0.392157
-0.831703	0.392157
-0.827789	0.392157
-0.823875	0.392157
-0.819961	0.392157
-0.816047	0.392157
-0.812133	0.392157
-0.808219	0.392157
-0.804305	0.392157
-0.800391	0.392157
-0.796477	0.392157
-0.792564	0.392157
-0.788650	0.392157
-0.784736	0.392157
-0.780822	0.392157
-0.776908	0.392157
-0.772994	0.392157
-0.769080	0.392157
-0.765166	0.392157
-0.761252	0.392157
-0.757339	0.392157
-0.753425	0.392157
-0.749511	0.392157
-0.745597	0.392157
-0.741683	0.392157
-0.737769	0.392157
-0.733855	0.392157
-0.729941	0.392157
-0.726027	0.392157
-0.722114	0.392157
-0.718200	0.392157
-0.714286	0.392157
-0.710372	0.392157
-0.706458	0.392157
-0.702544	0.392157
-0.698630	0.392157
-0.694716	0.392157
-0.690802	0.392157
-0.686888	0.392157
-0.682975	0.392157
-0.679061	0.392157
-0.675147	0.392157
-0.671233	0.392157
-0.667319	0.392157
-0.663405	0.392157
-0.659491	0.392157
-0.655577	0.392157
-0.651663	0.392157
-0.647750	0.392157
-0.643836	0.392157
-0.639922	0.392157
-0.636008	0.392157
-0.632094	0.392157
-0.628180	0.392157
-0.624266	0.392157
-0.620352	0.392157
-0.616438	0.392157
-0.612524	0.392157
-0.608611	0.392157
-0.604697	0.392157
-0.600783	0.392157
-0.596869	0.392157
-0.592955	0.392157
-0.589041	0.392157
-0.585127	0.392157
-0.581213	0.392157
-0.577299	0.392157
-0.573386	0.392157
-0.569472	0.392157
-0.565558	0.392157
-0.561644	0.392157
-0.557730	0.392157
-0.553816	0.392157
-0.549902	0.392157
-0.545988	0.392157
-0.542074	0.392157
-0.538160	0.392157
-0.534247	0.392157
-0.530333	0.392157
-0.526419	0.392157
-0.522505	0.392157
-0.518591	0.392157
-0.514677	0.392157
-0.510763	0.392157
-0.506849	0.392157
-0.502935	0.392157
-0.499022	0.392157
-0.495108	0.392157
-0.491194	0.392157
-0.487280	0.392157
-0.483366	0.392157
-0.479452	0.392157
-0.475538	0.392157
-0.471624	0.392157
-0.467710	0.392157
-0.463796	0.392157
-0.459883	0.392157
-0.455969	0.392157
-0.452055	0.392157
-0.448141	0.392157
-0.444227	0.392157
-0.440313	0.392157
-0.436399	0.392157
-0.432485	0.392157
-0.428571	0.392157
-0.424658	0.392157
-0.420744	0.392157
-0.416830	0.392157
-0.412916	0.392157
-0.409002	0.392157
-0.405088	0.392157
-0.401174	0.392157
-0.397260	0.392157
-0.393346	0.392157
-0.389432	0.392157
-0.385519	0.392157
-0.381605	0.392157
-0.377691	0.392157
-0.373777	0.392157
-0.369863	0.392157
-0.365949	0.392157
-0.362035	0.392157
-0.358121	0.392157
-0.354207	0.392157
-0.350294	0.392157
-0.346380	0.392157
-0.342466	0.392157
-0.338552	0.392157
-0.334638	0.392157
-0.330724	0.392157
-0.326810	0.392157
-0.322896	0.392157
-0.318982	0.392157
-0.315068	0.392157
-0.311155	0.392157
-0.307241	0.392157
-0.303327	0.392157
-0.299413	0.392157
-0.295499	0.392157
-0.291585	0.392157
-0.287671	0.392157
-0.283757	0.392157
-0.279843	0.392157
-0.275930	0.392157
-0.272016	0.392157
-0.268102	0.392157
-0.264188	0.392157
-0.260274	0.392157
-0.256360	0.392157
-0.252446	0.392157
-0.248532	0.392157
-0.244618	0.392157
-0.240705	0.392157
-0.236791	0.392157
-0.232877	0.392157
-0.228963	0.392157
-0.225049	0.392157
-0.221135	0.392157
-0.217221	0.392157
-0.213307	0.392157
-0.209393	0.392157
-0.205479	0.392157
-0.201566	0.392157
-0.197652	0.392157
-0.193738	0.392157
-0.189824	0.392157
-0.185910	0.392157
-0.181996	0.392157
-0.178082	0.392157
-0.174168	0.392157
-0.170254	0.392157
-0.166341	0.392157
-0.162427	0.392157
-0.158513	0.392157
-0.154599	0.392157
-0.150685	0.392157
-0.146771	0.392157
-0.142857	0.392157
-0.138943	0.392157
-0.135029	0.392157
-0.131115	0.392157
-0.127202	0.392157
-0.123288	0.392157
-0.119374	0.392157
-0.115460	0.392157
-0.111546	0.392157
-0.107632	0.392157
-0.103718	0.392157
-0.099804	0.392157
-0.095890	0.392157
-0.091977	0.392157
-0.088063	0.392157
-0.084149	0.392157
-0.080235	0.392157
-0.076321	0.392157
-0.072407	0.392157
-0.068493	0.392157
-0.064579	0.392157
-0.060665	0.392157
-0.056751	0.392157
-0.052838	0.392157
-0.048924	0.392157
-0.045010	0.392157
-0.041096	0.392157
-0.037182	0.392157
-0.033268	0.392157
-0.029354	0.392157
-0.025440	0.392157
-0.021526	0.392157
-0.017613	0.392157
-0.013699	0.392157
-0.009785	0.392157
-0.005871	0.392157
-0.001957	0.392157
0.001957	0.392157
0.005871	0.392157
0.009785	0.392157
0.013699	0.392157
0.017613	0.392157
0.021526	0.392157
0.025440	0.392157
0.029354	0.392157
0.033268	0.392157
0.037182	0.392157
0.041096	0.392157
0.045010	0.392157
0.048924	0.392157
0.052838	0.392157
0.056751	0.392157
0.060665	0.392157
0.064579	0.392157
0.068493	0.392157
0.072407	0.392157
0.076321	0.392157
0.080235	0.392157
0.084149	0.392157
0.088063	0.392157
0.091977	0.392157
0.095890	0.392157
0.099804	0.392157
0.103718	0.392157
0.107632	0.392157
0.111546	0.392157
0.115460	0.392157
0.119374	0.392157
0.123288	0.392157
0.127202	0.392157
0.131115	0.392157
0.135029	0.392157
0.138943	0.392157
0.142857	0.392157
0.146771	0.392157
0.150685	0.392157
0.154599	0.392157
0.158513	0.392157
0.162427	0.392157
0.166341	0.392157
0.170254	0.392157
0.174168	0.392157
0.178082	0.392157
0.181996	0.392157
0.185910	0.392157
0.189824	0.392157
0.193738	0.392157
0.197652	0.392157
0.201566	0.392157
0.205479	0.392157
0.209393	0.392157
0.213307	0.392157
0.217221	0.392157
0.221135	0.392157
0.225049	0.392157
0.228963	0.392157
0.232877	0.392157
0.236791	0.392157
0.240705	0.392157
0.244618	0.392157
0.248532	0.392157
0.252446	0.392157
0.256360	0.392157
0.260274	0.392157
0.264188	0.392157
0.268102	0.392157
0.272016	0.392157
0.275930	0.392157
0.279843	0.392157
0.283757	0.392157
0.287671	0.392157
0.291585	0.392157
0.295499	0.392157
0.299413	0.392157
0.303327	0.392157
0.307241	0.392157
0.311155	0.392157
0.315068	0.392157
0.318982	0.392157
0.322896	0.392157
0.326810	0.392157
0.330724	0.392157
0.334638	0.392157
0.338552	0.392157
0.342466	0.392157
0.346380	0.392157
0.350294	0.392157
0.354207	0.392157
0.358121	0.392157
0.362035	0.392157
0.365949	0.392157
0.369863	0.392157
0.373777	0.392157
0.377691	0.392157
0.381605	0.392157
0.385519	0.392157
0.389432	0.392157
0.393346	0.392157
0.397260	0.392157
0.401174	0.392157
0.405088	0.392157
0.409002	0.392157
0.412916	0.392157
0.416830	0.392157
0.420744	0.392157
0.424658	0.392157
0.428571	0.392157
0.432485	0.392157
0.436399	0.392157
0.440313	0.392157
0.444227	0.392157
0.448141	0.392157
0.452055	0.392157
0.455969	0.392157
0.459883	0.392157
0.463796	0.392157
0.467710	0.392157
0.471624	0.392157
0.475538	0.392157
0.479452	0.392157
0.483366	0.392157
0.487280	0.392157
0.491194	0.392157
0.495108	0.392157
0.499022	0.392157
0.502935	0.392157
0.506849	0.392157
0.510763	0.392157
0.514677	0.392157
0.518591	0.392157
0.522505	0.392157
0.526419	0.392157
0.530333	0.392157
0.534247	0.392157
0.538160	0.392157
0.542074	0.392157
0.545988	0.392157
0.549902	0.392157
0.553816	0.392157
0.557730	0.392157
0.561644	0.392157
0.565558	0.392157
0.569472	0.392157
0.573386	0.392157
0.577299	0.392157
0.581213	0.392157
0.585127	0.392157
0.589041	0.392157
0.592955	0.392157
0.596869	0.392157
0.600783	0.392157
0.604697	0.392157
0.608611	0.392157
0.612524	0.392157
0.616438	0.392157
0.620352	0.392157
0.624266	0.392157
0.628180	0.392157
0.632094	0.392157
0.636008	0.392157
0.639922	0.392157
0.643836	0.392157
0.647750	0.392157
0.651663	0.392157
0.655577	0.392157
0.659491	0.392157
0.663405	0.392157
0.667319	0.392157
0.671233	0.392157
0.675147	0.392157
0.679061	0.392157
0.682975	0.392157
0.686888	0.392157
0.690802	0.392157
0.694716	0.392157
0.698630	0.392157
0.702544	0.392157
0.706458	0.392157
0.710372	0.392157
0.714286	0.392157
0.718200	0.392157
0.722114	0.392157
0.726027	0.392157
0.729941	0.392157
0.733855	0.392157
0.737769	0.392157
0.741683	0.392157
0.745597	0.392157
0.749511	0.392157
0.753425	0.392157
0.757339	0.392157
0.761252	0.392157
0.765166	0.392157
0.769080	0.392157
0.772994	0.392157
0.776908	0.392157
0.780822	0.392157
0.784736	0.392157
0.788650	0.392157
0.792564	0.392157
0.796477	0.392157
0.800391	0.392157
0.804305	0.392157
0.808219	0.392157
0.812133	0.392157
0.816047	0.392157
0.819961	0.392157
0.823875	0.392157
0.827789	0.392157
0.831703	0.392157
0.835616	0.392157
0.839530	0.392157
0.843444	0.392157
0.847358	0.392157
0.851272	0.392157
0.855186	0.392157
0.859100	0.392157
0.863014	0.392157
0.866928	0.392157
0.870841	0.392157
0.874755	0.392157
0.878669	0.392157
0.882583	0.392157
0.886497	0.392157
0.890411	0.392157
0.894325	0.392157
0.898239	0.392157
0.902153	0.392157
0.906067	0.392157
0.909980	0.392157
0.913894	0.392157
0.917808	0.392157
0.921722	0.392157
0.925636	0.392157
0.929550	0.392157
0.933464	0.392157
0.937378	0.392157
0.941292	0.392157
0.945205	0.392157
0.949119	0.392157
0.953033	0.392157
0.956947	0.392157
0.960861	0.392157
0.964775	0.392157
0.968689	0.392157
0.972603	0.392157
0.976517	0.392157
0.980431	0.392157
0.984344	0.392157
0.988258	0.392157
0.992172	0.392157
0.996086	0.392157
1.000000	100.000000
