-1.000000	100.000000
-0.994792	0.392157
-0.989609	0.392157
-0.984434	0.392157
-0.979259	0.392157
-0.974093	0.392157
-0.968938	0.392157
-0.963795	0.392157
-0.958654	0.392157
-0.953508	0.392157
-0.948383	0.392157
-0.943266	0.392157
-0.938155	0.392157
-0.933045	0.392157
-0.927950	0.392157
-0.922865	0.392157
-0.917786	0.392157
-0.912721	0.392157
-0.907658	0.392157
-0.902606	0.392157
-0.897557	0.392157
-0.892520	0.392157
-0.887483	0.392157
-0.882462	0.392157
-0.877451	0.392157
-0.872447	0.392157
-0.867457	0.392157
-0.862466	0.392157
-0.857486	0.392157
-0.852512	0.392157
-0.847555	0.392157
-0.842600	0.392157
-0.837647	0.392157
-0.832721	0.392157
-0.827795	0.392157
-0.822882	0.392157
-0.817969	0.392157
-0.813068	0.392157
-0.808174	0.392157
-0.803302	0.392157
-0.798429	0.392157
-0.793558	0.392157
-0.788708	0.392157
-0.783871	0.392157
-0.779047	0.392157
-0.774224	0.392157
-0.769407	0.392157
-0.764601	0.392157
-0.759809	0.392157
-0.755025	0.392157
-0.750241	0.392157
-0.745479	0.392157
-0.740722	0.392157
-0.735980	0.392157
-0.731240	0.392157
-0.726511	0.392157
-0.721803	0.392157
-0.717107	0.392157
-0.712422	0.392157
-0.707737	0.392157
-0.703056	0.392157
-0.698398	0.392157
-0.693754	0.392157
-0.689117	0.392157
-0.684482	0.392157
-0.679865	0.392157
-0.675261	0.392157
-0.670662	0.392157
-0.666066	0.392157
-0.661486	0.392157
-0.656920	0.392157
-0.652366	0.392157
-0.647838	0.392157
-0.643310	0.392157
-0.638781	0.392157
-0.634271	0.392157
-0.629777	0.392157
-0.625286	0.392157
-0.620799	0.392157
-0.616330	0.392157
-0.611881	0.392157
-0.607447	0.392157
-0.603014	0.392157
-0.598590	0.392157
-0.594189	0.392157
-0.589799	0.392157
-0.585418	0.392157
-0.581038	0.392157
-0.576677	0.392157
-0.572333	0.392157
-0.568002	0.392157
-0.563673	0.392157
-0.559365	0.392157
-0.555056	0.392157
-0.550770	0.392157
-0.546502	0.392157
-0.542236	0.392157
-0.537989	0.392157
-0.533741	0.392157
-0.529512	0.392157
-0.525284	0.392157
-0.521073	0.392157
-0.516874	0.392157
-0.512692	0.392157
-0.508531	0.392157
-0.504372	0.392157
-0.500217	0.392157
-0.496083	0.392157
-0.491962	0.392157
-0.487863	0.392157
-0.483766	0.392157
-0.479684	0.392157
-0.475623	0.392157
-0.471563	0.392157
-0.467504	0.392157
-0.463462	0.392157
-0.459446	0.392157
-0.455451	0.392157
-0.451459	0.392157
-0.447469	0.392157
-0.443500	0.392157
-0.439545	0.392157
-0.435600	0.392157
-0.431656	0.392157
-0.427732	0.392157
-0.423809	0.392157
-0.419905	0.392157
-0.416030	0.392157
-0.412156	0.392157
-0.408293	0.392157
-0.404444	0.392157
-0.400611	0.392157
-0.396797	0.392157
-0.392982	0.392157
-0.389184	0.392157
-0.385396	0.392157
-0.381619	0.392157
-0.377843	0.392157
-0.374091	0.392157
-0.370354	0.392157
-0.366628	0.392157
-0.362923	0.392157
-0.359217	0.392157
-0.355536	0.392157
-0.351863	0.392157
-0.348200	0.392157
-0.344559	0.392157
-0.340918	0.392157
-0.337282	0.392157
-0.333658	0.392157
-0.330052	0.392157
-0.326448	0.392157
-0.322858	0.392157
-0.319287	0.392157
-0.315734	0.392157
-0.312182	0.392157
-0.308631	0.392157
-0.305102	0.392157
-0.301598	0.392157
-0.298093	0.392157
-0.294590	0.392157
-0.291105	0.392157
-0.287644	0.392157
-0.284189	0.392157
-0.280747	0.392157
-0.277306	0.392157
-0.273884	0.392157
-0.270472	0.392157
-0.267076	0.392157
-0.263698	0.392157
-0.260321	0.392157
-0.256949	0.392157
-0.253590	0.392157
-0.250241	0.392157
-0.246892	0.392157
-0.243562	0.392157
-0.240249	0.392157
-0.236949	0.392157
-0.233655	0.392157
-0.230362	0.392157
-0.227082	0.392157
-0.223818	0.392157
-0.220569	0.392157
-0.217320	0.392157
-0.214074	0.392157
-0.210845	0.392157
-0.207625	0.392157
-0.204422	0.392157
-0.201220	0.392157
-0.198031	0.392157
-0.194848	0.392157
-0.191675	0.392157
-0.188513	0.392157
-0.185352	0.392157
-0.182209	0.392157
-0.179071	0.392157
-0.175945	0.392157
-0.172819	0.392157
-0.169700	0.392157
-0.166594	0.392157
-0.163500	0.392157
-0.160414	0.392157
-0.157328	0.392157
-0.154251	0.392157
-0.151184	0.392157
-0.148130	0.392157
-0.145077	0.392157
-0.142030	0.392157
-0.138995	0.392157
-0.135965	0.392157
-0.132944	0.392157
-0.129922	0.392157
-0.126910	0.392157
-0.123908	0.392157
-0.120910	0.392157
-0.117925	0.392157
-0.114939	0.392157
-0.111956	0.392157
-0.108983	0.392157
-0.106019	0.392157
-0.103055	0.392157
-0.100098	0.392157
-0.097147	0.392157
-0.094204	0.392157
-0.091264	0.392157
-0.088324	0.392157
-0.085393	0.392157
-0.082467	0.392157
-0.079547	0.392157
-0.076627	0.392157
-0.073710	0.392157
-0.070797	0.392157
-0.067891	0.392157
-0.064990	0.392157
-0.062090	0.392157
-0.059194	0.392157
-0.056305	0.392157
-0.053415	0.392157
-0.050531	0.392157
-0.047648	0.392157
-0.044767	0.392157
-0.041887	0.392157
-0.039012	0.392157
-0.036136	0.392157
-0.033261	0.392157
-0.030390	0.392157
-0.027520	0.392157
-0.024652	0.392157
-0.021785	0.392157
-0.018918	0.392157
-0.016053	0.392157
-0.013190	0.392157
-0.010326	0.392157
-0.007464	0.392157
-0.004601	0.392157
-0.001740	0.392157
0.001122	0.392157
0.003984	0.392157
0.006847	0.392157
0.009709	0.392157
0.012573	0.392157
0.015438	0.392157
0.018303	0.392157
0.021169	0.392157
0.024037	0.392157
0.026906	0.392157
0.029776	0.392157
0.032647	0.392157
0.035523	0.392157
0.038398	0.392157
0.041278	0.392157
0.044158	0.392157
0.047039	0.392157
0.049923	0.392157
0.052813	0.392157
0.055704	0.392157
0.058593	0.392157
0.061488	0.392157
0.064389	0.392157
0.067295	0.392157
0.070201	0.392157
0.073114	0.392157
0.076032	0.392157
0.078951	0.392157
0.081877	0.392157
0.084803	0.392157
0.087734	0.392157
0.090674	0.392157
0.093618	0.392157
0.096562	0.392157
0.099512	0.392157
0.102469	0.392157
0.105433	0.392157
0.108407	0.392157
0.111380	0.392157
0.114364	0.392157
0.117349	0.392157
0.120347	0.392157
0.123345	0.392157
0.126347	0.392157
0.129359	0.392157
0.132381	0.392157
0.135411	0.392157
0.138441	0.392157
0.141477	0.392157
0.144523	0.392157
0.147576	0.392157
0.150644	0.392157
0.153711	0.392157
0.156788	0.392157
0.159874	0.392157
0.162968	0.392157
0.166062	0.392157
0.169168	0.392157
0.172287	0.392157
0.175413	0.392157
0.178550	0.392157
0.181689	0.392157
0.184832	0.392157
0.187993	0.392157
0.191166	0.392157
0.194339	0.392157
0.197523	0.392157
0.200712	0.392157
0.203914	0.392157
0.207134	0.392157
0.210354	0.392157
0.213583	0.392157
0.216829	0.392157
0.220079	0.392157
0.223342	0.392157
0.226606	0.392157
0.229886	0.392157
0.233179	0.392157
0.236478	0.392157
0.239778	0.392157
0.243092	0.392157
0.246422	0.392157
0.249771	0.392157
0.253128	0.392157
0.256487	0.392157
0.259859	0.392157
0.263236	0.392157
0.266633	0.392157
0.270030	0.392157
0.273442	0.392157
0.276864	0.392157
0.280306	0.392157
0.283761	0.392157
0.287216	0.392157
0.290678	0.392157
0.294163	0.392157
0.297666	0.392157
0.301171	0.392157
0.304675	0.392157
0.308204	0.392157
0.311756	0.392157
0.315308	0.392157
0.318861	0.392157
0.322432	0.392157
0.326022	0.392157
0.329626	0.392157
0.333250	0.392157
0.336875	0.392157
0.340512	0.392157
0.344153	0.392157
0.347815	0.392157
0.351477	0.392157
0.355152	0.392157
0.358833	0.392157
0.362539	0.392157
0.366264	0.392157
0.369991	0.392157
0.373728	0.392157
0.377480	0.392157
0.381256	0.392157
0.385044	0.392157
0.388833	0.392157
0.392631	0.392157
0.396445	0.392157
0.400278	0.392157
0.404111	0.392157
0.407960	0.392157
0.411823	0.392157
0.415697	0.392157
0.419601	0.392157
0.423504	0.392157
0.427427	0.392157
0.431351	0.392157
0.435296	0.392157
0.439250	0.392157
0.443205	0.392157
0.447175	0.392157
0.451165	0.392157
0.455161	0.392157
0.459156	0.392157
0.463172	0.392157
0.467214	0.392157
0.471273	0.392157
0.475333	0.392157
0.479395	0.392157
0.483477	0.392157
0.487575	0.392157
0.491694	0.392157
0.495815	0.392157
0.499950	0.392157
0.504105	0.392157
0.508264	0.392157
0.512446	0.392157
0.516628	0.392157
0.520827	0.392157
0.525038	0.392157
0.529266	0.392157
0.533512	0.392157
0.537760	0.392157
0.542007	0.392157
0.546273	0.392157
0.550558	0.392157
0.554845	0.392157
0.559153	0.392157
0.563461	0.392157
0.567790	0.392157
0.572133	0.392157
0.576477	0.392157
0.580837	0.392157
0.585218	0.392157
0.589608	0.392157
0.593998	0.392157
0.598399	0.392157
0.602823	0.392157
0.607256	0.392157
0.611703	0.392157
0.616152	0.392157
0.620621	0.392157
0.625108	0.392157
0.629601	0.392157
0.634109	0.392157
0.638620	0.392157
0.643149	0.392157
0.647676	0.392157
0.652228	0.392157
0.656781	0.392157
0.661348	0.392157
0.665928	0.392157
0.670524	0.392157
0.675128	0.392157
0.679733	0.392157
0.684350	0.392157
0.688985	0.392157
0.693627	0.392157
0.698271	0.392157
0.702929	0.392157
0.707610	0.392157
0.712295	0.392157
0.716990	0.392157
0.721686	0.392157
0.726393	0.392157
0.731122	0.392157
0.735863	0.392157
0.740619	0.392157
0.745377	0.392157
0.750140	0.392157
0.754924	0.392157
0.759714	0.392157
0.764506	0.392157
0.769313	0.392157
0.774130	0.392157
0.778953	0.392157
0.783788	0.392157
0.788625	0.392157
0.793474	0.392157
0.798346	0.392157
0.803216	0.392157
0.808089	0.392157
0.812983	0.392157
0.817884	0.392157
0.822797	0.392157
0.827722	0.392157
0.832648	0.392157
0.837574	0.392157
0.842526	0.392157
0.847481	0.392157
0.852454	0.392157
0.857428	0.392157
0.862409	0.392157
0.867399	0.392157
0.872401	0.392157
0.877405	0.392157
0.882415	0.392157
0.887437	0.392157
0.892473	0.392157
0.897521	0.392157
0.902570	0.392157
0.907622	0.392157
0.912686	0.392157
0.917763	0.392157
0.922842	0.392157
0.927927	0.392157
0.933022	0.392157
0.938132	0.392157
0.943248	0.392157
0.948364	0.392157
0.953489	0.392157
0.958635	0.392157
0.963776	0.392157
0.968932	0.392157
0.974087	0.392157
0.979253	0.392157
0.984427	0.392157
0.989609	0.392157
0.994792	0.392157
1.000000	100.000000
